image_width: 640
image_height: 480
camera_name: narrow_stereo
camera_matrix:
  rows: 3
  cols: 3
  data: [702.970295, 0.000000, 317.304454, 0.000000, 699.039501, 259.978313, 0.000000, 0.000000, 1.000000]
distortion_model: plumb_bob
distortion_coefficients:
  rows: 1
  cols: 5
  data: [0.110873, -0.025520, 0.007073, -0.000030, 0.000000]
rectification_matrix:
  rows: 3
  cols: 3
  data: [1.000000, 0.000000, 0.000000, 0.000000, 1.000000, 0.000000, 0.000000, 0.000000, 1.000000]
projection_matrix:
  rows: 3
  cols: 4
  data: [726.761353, 0.000000, 317.382434, 0.000000, 0.000000, 720.528503, 262.117547, 0.000000, 0.000000, 0.000000, 1.000000, 0.000000]
