# oST version 5.0 parameters


[image]

width
640

height
480

[narrow_stereo]

camera matrix
715.771569 0.000000 332.202988
0.000000 714.211316 256.624942
0.000000 0.000000 1.000000

distortion
0.155161 -0.248996 0.003342 0.000833 0.000000

rectification
1.000000 0.000000 0.000000
0.000000 1.000000 0.000000
0.000000 0.000000 1.000000

projection
734.282898 0.000000 332.530109 0.000000
0.000000 731.452332 257.758813 0.000000
0.000000 0.000000 1.000000 0.000000

