# oST version 5.0 parameters


[image]

width
640

height
480

[narrow_stereo]

camera matrix
702.970295 0.000000 317.304454
0.000000 699.039501 259.978313
0.000000 0.000000 1.000000

distortion
0.110873 -0.025520 0.007073 -0.000030 0.000000

rectification
1.000000 0.000000 0.000000
0.000000 1.000000 0.000000
0.000000 0.000000 1.000000

projection
726.761353 0.000000 317.382434 0.000000
0.000000 720.528503 262.117547 0.000000
0.000000 0.000000 1.000000 0.000000

